screen	red	blue	orange	purple	green	greenVertical	greenHorizontal	purpleVertical	purpleHorizontal	orangeVertical	orangeHorizontal	blueVertical	blueHorizontal	redVertical	redHorizontal	purpleBomb	orangeBomb	redBomb	blueBomb	greenBomb	notTouch	colourB	
1	0	7	6	6	6	0	0	0	0	0	0	0	0	0	0	0	0	0	0	0	0	0	
2	0	8	4	7	5	0	1	0	0	0	0	0	0	0	0	0	0	0	0	0	0	0	
3	0	8	4	6	7	0	0	0	0	0	0	0	0	0	0	0	0	0	0	0	0	0	
4	0	6	4	8	6	0	0	0	0	0	0	0	0	0	0	0	0	0	1	0	0	0	
5	0	10	6	4	5	0	0	0	0	0	0	0	0	0	0	0	0	0	0	0	0	0	
6	0	8	5	5	7	0	0	0	0	0	0	0	0	0	0	0	0	0	0	0	0	0	
7	0	8	2	6	8	0	1	0	0	0	0	0	0	0	0	0	0	0	0	0	0	0	
8	0	10	5	5	11	0	2	0	1	0	0	0	1	0	0	0	0	0	0	0	1	0	
9	0	9	9	10	8	0	0	0	0	0	0	0	0	0	0	0	0	0	0	0	0	0	
10	0	10	6	12	6	0	1	0	0	0	0	0	1	0	0	0	0	0	0	0	0	0	
11	0	10	7	9	13	0	0	0	0	1	0	0	1	0	0	0	0	0	0	0	1	0	
12	12	3	11	13	8	0	0	0	0	0	0	1	1	0	0	1	2	0	0	0	0	0	
13	14	9	4	9	11	0	0	0	0	0	0	0	0	0	0	0	2	0	0	0	0	0	
14	9	10	7	13	10	0	0	0	0	0	0	0	0	0	0	0	0	0	0	0	0	0	
15	9	9	9	9	11	0	0	0	0	0	0	1	0	0	1	0	0	0	0	0	0	0	
16	9	6	11	9	11	0	0	0	0	0	0	1	0	1	1	0	0	0	0	0	0	0	
17	9	6	11	9	11	0	0	0	0	0	0	1	0	1	1	0	0	0	0	0	0	0	
18	10	4	12	10	10	0	0	0	0	0	0	1	0	1	1	0	0	0	0	0	0	0	
19	0	13	8	11	12	0	0	0	0	0	2	0	0	0	0	0	0	0	0	0	2	0	
20	0	6	8	15	12	0	1	0	0	0	2	0	1	0	0	0	0	0	1	0	2	0	
21	0	11	7	15	11	0	1	0	0	0	0	0	0	0	0	0	1	0	1	0	1	0	
22	0	11	7	12	11	1	1	0	0	0	1	0	1	0	0	0	1	0	1	0	1	0	
23	0	10	12	9	7	0	1	0	0	0	0	1	0	0	0	0	0	0	0	0	8	0	
24	0	14	9	8	13	0	1	0	0	0	1	0	0	0	0	0	0	0	0	0	2	0	
25	0	14	6	7	16	0	1	0	0	1	1	0	0	0	0	0	0	0	0	0	2	0	
26	0	14	9	8	15	0	0	0	0	0	0	0	0	0	0	0	0	0	1	0	1	0	
27	0	12	8	11	13	0	0	0	0	1	0	0	0	0	0	0	0	0	1	1	1	0	
28	0	12	8	11	13	0	0	0	0	1	0	0	0	0	0	0	0	0	1	1	1	0	
29	0	12	11	10	13	0	0	0	0	0	0	0	0	0	0	0	0	0	0	1	1	0	
30	0	12	11	10	13	0	0	0	0	0	0	0	0	0	0	0	0	0	0	1	1	0	
