greenVertical	colourB	purpleVertical	orangeBomb	purpleBomb	greenHorizontal	orangeHorizontal	red	notTouch	purple	orangeVertical	blueHorizontal	blueVertical	redBomb	redHorizontal	green	blue	orange	blueBomb	redVertical	greenBomb	purpleHorizontal	
17	0	0	0	0	0	0	0	14	0	9	0	0	1	0	1	11	8	11	0	1	0	0	
27	0	0	0	0	0	0	0	0	1	11	1	0	0	0	0	13	13	8	1	0	1	0	
25	0	0	0	0	0	1	1	0	2	7	1	0	0	0	0	16	17	7	0	0	0	0	
3	0	0	0	0	0	0	0	0	0	6	0	0	0	0	0	7	8	4	0	0	0	0	
15	0	0	0	0	0	0	0	18	0	9	0	0	1	0	1	11	11	9	0	0	0	0	
4	0	0	0	0	0	0	0	0	0	8	0	0	0	0	0	6	7	4	1	0	0	0	
10	0	0	0	0	0	1	0	0	0	12	0	1	0	0	0	6	13	6	0	0	0	0	
7	0	0	0	0	0	1	0	0	0	6	0	0	0	0	0	8	8	2	0	0	0	0	
16	0	0	0	0	0	0	0	14	0	9	0	0	1	0	1	11	7	11	0	1	0	0	
21	0	0	0	1	0	1	0	0	1	15	0	0	0	1	0	11	13	7	1	0	0	0	
8	0	0	0	0	0	2	0	0	1	5	0	1	0	0	0	11	10	5	0	0	0	1	
12	0	0	0	2	1	0	0	21	0	13	0	1	1	2	0	8	3	11	0	0	0	0	
28	0	0	0	0	0	0	0	0	1	11	1	0	0	0	0	13	13	8	1	0	1	0	
24	0	0	0	0	0	1	1	0	2	8	0	0	0	0	0	13	16	10	0	0	0	0	
9	0	0	0	0	0	0	0	0	0	10	0	0	0	0	0	8	10	9	0	0	0	0	
23	0	0	0	0	0	1	0	0	8	9	0	0	1	0	0	7	11	12	0	0	0	0	
26	0	0	0	0	0	0	0	0	1	8	0	0	0	0	0	15	15	9	1	0	0	0	
1	0	0	0	0	0	0	0	0	0	6	0	0	0	0	0	6	8	6	0	0	0	0	
22	1	0	0	1	0	1	1	0	1	12	0	1	0	1	0	11	14	8	1	0	0	0	
29	0	0	0	0	0	0	0	0	1	10	0	0	0	0	0	13	12	11	0	0	1	0	
19	0	0	0	0	0	0	2	0	2	11	0	0	0	0	0	12	14	9	0	0	0	0	
30	0	0	0	0	0	0	0	0	1	10	0	0	0	0	0	13	12	11	0	0	1	0	
13	0	0	0	2	0	0	0	22	0	9	0	0	0	2	0	11	10	4	0	0	0	0	
14	0	0	0	0	0	0	0	17	0	13	0	0	0	0	0	10	10	7	0	0	0	0	
2	0	0	0	0	0	1	0	0	0	7	0	0	0	0	0	5	9	4	0	0	0	0	
6	0	0	0	0	0	0	0	0	0	5	0	0	0	0	0	7	9	5	0	0	0	0	
20	0	0	0	0	0	1	2	0	2	15	0	1	0	0	0	12	8	9	1	0	0	0	
18	0	0	0	0	0	0	0	16	0	10	0	0	1	0	1	10	4	12	0	1	0	0	
5	0	0	0	0	0	0	0	0	0	4	0	0	0	0	0	5	10	6	0	0	0	0	
11	0	0	0	0	0	0	0	0	1	9	1	1	0	0	0	13	12	7	0	0	0	0	
